3548.3470000000007
3547.1270000000013
3366.328999999999
3365.726999999999
3340.432
3326.4364999999993
3293.328499999999
3274.365499999999
3254.613999999999
3234.8354999999983
3229.9049999999984
3213.0334999999986
3209.109499999999
3205.7844999999984
3204.828999999999
3202.8269999999984
3201.682999999998
3199.020499999999
3197.6464999999994
3194.9169999999995
3194.9169999999995
3194.9169999999995
3194.9169999999995
3194.158999999999
3193.624499999999
3192.980499999999
3192.4274999999975
3191.5599999999995
3191.5599999999995
3191.5599999999995
3191.006499999999
3189.8279999999977
3189.8279999999977
3188.804499999998
3188.6224999999986
3188.615
3188.411999999998
3187.7324999999983
3187.3939999999975
3187.026999999999
3186.9649999999974
3185.423499999999
3184.994499999999
3184.994499999999
3184.994499999999
3184.898499999998
3184.898499999998
3184.898499999998
3184.6994999999984
3184.1719999999987
3184.1719999999987
3184.1719999999987
3183.9284999999986
3183.514000000001
3183.514000000001
3183.514000000001
3183.514000000001
3183.514000000001
3183.262499999999
3183.262000000001
3183.070499999999
3182.2034999999987
3182.2034999999987
3182.2034999999987
3182.2034999999987
3182.1129999999976
3182.0444999999986
3182.0444999999986
3181.890999999999
3181.772999999998
3181.5685000000003
3181.5685000000003
3181.5685000000003
3181.5685000000003
3180.8819999999987
3180.5759999999987
3180.5759999999987
3180.5759999999987
3180.245999999999
3179.7329999999993
3179.7329999999993
3179.7329999999993
3179.7329999999993
3179.7329999999993
3179.7329999999993
3179.7329999999993
3179.198499999998
3179.198499999998
3179.198499999998
3179.198499999998
3179.198499999998
3178.646499999999
3178.646499999999
3178.646499999999
3178.646499999999
3178.6334999999985
3178.2299999999996
3178.1189999999992
3178.1189999999992
3177.256999999999
3177.9849999999983
3177.256999999999
3177.256999999999
3177.256999999999
3177.256999999999
3177.256999999999
3177.256999999999
3176.93
3176.93
3176.93
3176.7634999999987
3176.7634999999987
3176.6530000000007
3176.6530000000007
3176.1924999999997
3176.1924999999997
3176.075
3176.075
3176.075
3176.075
3176.075
3176.075
3175.6435
3175.6435
3175.6435
3175.6435
3175.478999999998
3175.478999999998
3175.478999999998
3175.478999999998
3175.478999999998
3175.2359999999985
3175.216999999998
3175.1054999999988
3175.1054999999988
3175.1054999999988
3174.8709999999983
3174.3125
3174.3125
3174.285499999998
3174.285499999998
3174.2659999999996
3174.2659999999996
3174.0994999999984
3174.0994999999984
3174.0994999999984
3174.008999999999
3173.755000000002
3173.755000000002
3173.755000000002
3173.755000000002
3173.3994999999986
3173.3994999999986
3173.0534999999986
3172.996
3172.7365000000004
3172.7365000000004
3172.7365000000004
3172.7365000000004
3172.4124999999976
3172.4124999999976
3172.4124999999976
3172.4124999999976
3172.4124999999976
3172.4124999999976
3172.4124999999976
3172.2869999999984
3172.2869999999984
3172.2869999999984
3172.0544999999984
3172.0544999999984
3171.7809999999977
3171.7809999999977
3171.7809999999977
3171.7189999999987
3171.7189999999987
3171.5119999999993
3171.5119999999993
3171.1845000000003
3171.1845000000003
3171.182999999998
3170.9714999999987
3170.9714999999987
3170.9714999999987
3170.9714999999987
3170.9714999999987
3170.9714999999987
3170.9429999999984
3170.8504999999996
3170.8504999999996
3170.7674999999995
3170.2259999999987
3170.2259999999987
3170.2259999999987
3170.2259999999987
3170.2259999999987
3170.107
3170.107
3170.107
3170.107
